오전 10:36
Mesh X,Y: 10,10
Search Height: 8
Mesh Offsets: X=0.0000, Y=0.0000
Mesh Average: -0.11
Mesh Range: min=-0.5025 max=0.4811
Interpolation Algorithm: bicubic
Measured points:
  -0.502474  -0.462597  -0.398045  -0.363672  -0.396086  -0.456683  -0.487500  -0.443277  -0.362486  -0.312760
  -0.307338  -0.289159  -0.260748  -0.249791  -0.293321  -0.368296  -0.412280  -0.404124  -0.380333  -0.364955
  0.016849  -0.001014  -0.032635  -0.060539  -0.122349  -0.220883  -0.286458  -0.337580  -0.407480  -0.448561
  0.223437  0.182621  0.112799  0.060286  -0.012425  -0.124667  -0.202865  -0.289208  -0.414805  -0.489453
  0.321077  0.269637  0.182340  0.119384  0.046567  -0.063351  -0.139741  -0.224730  -0.348350  -0.421823
  0.432265  0.368761  0.261728  0.187416  0.117145  0.014522  -0.055772  -0.130224  -0.237487  -0.301131
  0.481120  0.412026  0.295896  0.216536  0.148658  0.051475  -0.014453  -0.081786  -0.178089  -0.235156
  0.386869  0.325863  0.223192  0.152505  0.089132  -0.002551  -0.065327  -0.132332  -0.228931  -0.286255
  0.215078  0.169205  0.091673  0.036992  -0.019262  -0.102834  -0.161195  -0.228869  -0.327822  -0.386688
  0.109375  0.072846  0.010831  -0.033984  -0.085948  -0.164688  -0.220443  -0.288633  -0.389185  -0.449089
오전 10:36
Mesh Leveling Probed Z positions:
0.109375 -0.033984 -0.220443 -0.449089
0.481120 0.216536 -0.014453 -0.235156
0.223437 0.060286 -0.202865 -0.489453
-0.502474 -0.363672 -0.487500 -0.312760