Mesh X,Y: 10,10
Search Height: 8
Mesh Offsets: X=0.0000, Y=0.0000
Mesh Average: -0.22
Mesh Range: min=-1.1319 max=0.1673
Interpolation Algorithm: bicubic
Measured points:
  -1.131901  -0.864967  -0.424075  -0.153385  -0.088782  -0.052645  -0.068880  -0.296698  -0.677671  -0.909245
  -1.030698  -0.788760  -0.388898  -0.142379  -0.077050  -0.032879  -0.039315  -0.235350  -0.565103  -0.765718
  -0.862158  -0.661732  -0.330010  -0.123619  -0.056999  0.000657  0.010597  -0.132534  -0.377052  -0.526149
  -0.753125  -0.579098  -0.290696  -0.109766  -0.041987  0.024814  0.045573  -0.063451  -0.253083  -0.369010
  -0.693193  -0.530405  -0.260362  -0.089881  -0.019363  0.055110  0.083192  -0.008024  -0.169424  -0.268331
  -0.618777  -0.468713  -0.219407  -0.060547  0.014304  0.099530  0.137367  0.067974  -0.059030  -0.137218
  -0.576953  -0.434507  -0.197617  -0.045703  0.031830  0.123622  0.167318  0.110571  0.003454  -0.062760
  -0.579584  -0.441212  -0.210991  -0.062933  0.015401  0.109518  0.155009  0.100532  -0.003156  -0.067319
  -0.595138  -0.461472  -0.238967  -0.095418  -0.016383  0.079976  0.126965  0.072902  -0.030385  -0.094331
  -0.605599  -0.474604  -0.256479  -0.115495  -0.036093  0.061481  0.109245  0.055129  -0.048396  -0.112500
오후 7:42
Mesh Leveling Probed Z positions:
-0.605599 -0.115495 0.109245 -0.112500
-0.576953 -0.045703 0.167318 -0.062760
-0.753125 -0.109766 0.045573 -0.369010
-1.131901 -0.153385 -0.068880 -0.909245