Mesh X,Y: 10,10
Search Height: 8
Mesh Offsets: X=0.0000, Y=0.0000
Mesh Average: -0.26
Mesh Range: min=-1.0996 max=0.1329
Interpolation Algorithm: bicubic
Measured points:
  -1.099609  -0.854198  -0.448809  -0.199740  -0.138594  -0.102813  -0.117448  -0.335696  -0.700750  -0.922656
  -1.020729  -0.793819  -0.418703  -0.187074  -0.122976  -0.077055  -0.080909  -0.268312  -0.584033  -0.776155
  -0.889048  -0.693043  -0.368493  -0.165982  -0.096853  -0.033837  -0.019601  -0.155595  -0.389120  -0.531620
  -0.802604  -0.626966  -0.335725  -0.152344  -0.079504  -0.004593  0.021875  -0.080701  -0.260905  -0.371224
  -0.746490  -0.584338  -0.315066  -0.143941  -0.065928  0.021197  0.057948  -0.025372  -0.175592  -0.267886
  -0.673322  -0.529016  -0.288787  -0.133756  -0.048055  0.056569  0.107575  0.048660  -0.063836  -0.133477
  -0.632422  -0.498752  -0.275846  -0.130469  -0.040564  0.073860  0.132943  0.088252  -0.002196  -0.058594
  -0.639798  -0.508917  -0.290672  -0.148378  -0.060744  0.050697  0.108398  0.066106  -0.019965  -0.073669
  -0.662794  -0.533838  -0.318926  -0.179296  -0.096493  0.007516  0.060861  0.018839  -0.065730  -0.118426
  -0.677734  -0.549701  -0.336413  -0.198177  -0.118404  -0.019134  0.031380  -0.010816  -0.094997  -0.147396
오후 8:10
Mesh Leveling Probed Z positions:
-0.677734 -0.198177 0.031380 -0.147396
-0.632422 -0.130469 0.132943 -0.058594
-0.802604 -0.152344 0.021875 -0.371224
-1.099609 -0.199740 -0.117448 -0.922656