오전 11:29
Mesh X,Y: 10,10
Search Height: 8
Mesh Offsets: X=0.0000, Y=0.0000
Mesh Average: -0.13
Mesh Range: min=-0.8146 max=0.2332
Interpolation Algorithm: bicubic
Measured points:
  -0.814583  -0.683858  -0.466836  -0.329167  -0.267060  -0.198750  -0.172917  -0.258931  -0.410687  -0.503646
  -0.728619  -0.606694  -0.404286  -0.275904  -0.218379  -0.155145  -0.130613  -0.205694  -0.338725  -0.420262
  -0.585386  -0.477944  -0.299583  -0.186460  -0.136317  -0.081179  -0.058634  -0.115702  -0.217926  -0.280675
  -0.492448  -0.393691  -0.229726  -0.125651  -0.079298  -0.027974  -0.005990  -0.052191  -0.135980  -0.187500
  -0.438724  -0.340518  -0.177305  -0.073062  -0.022340  0.036276  0.062748  0.017445  -0.065889  -0.117228
  -0.371424  -0.271884  -0.106196  0.000666  0.059624  0.131335  0.165432  0.118988  0.031927  -0.021840
  -0.335547  -0.234189  -0.065331  0.044141  0.108296  0.188030  0.226693  0.178964  0.088655  0.032812
  -0.352667  -0.245384  -0.066739  0.048743  0.114216  0.194645  0.233230  0.182906  0.088193  0.029669
  -0.390881  -0.273995  -0.079527  0.045522  0.112033  0.191801  0.229195  0.174688  0.073131  0.010461
  -0.414974  -0.292279  -0.088242  0.042578  0.109615  0.188817  0.225391  0.168356  0.062686  -0.002474
오전 11:29
Mesh Leveling Probed Z positions:
-0.414974 0.042578 0.225391 -0.002474
-0.335547 0.044141 0.226693 0.032812
-0.492448 -0.125651 -0.005990 -0.187500
-0.814583 -0.329167 -0.172917 -0.503646