오전 9:48
Mesh X,Y: 10,10
Search Height: 8
Mesh Offsets: X=0.0000, Y=0.0000
Mesh Average: -0.15
Mesh Range: min=-0.8456 max=0.2473
Interpolation Algorithm: bicubic
Measured points:
  -0.845573  -0.704851  -0.471445  -0.324219  -0.263376  -0.199686  -0.177865  -0.271274  -0.434591  -0.534505
  -0.759174  -0.630382  -0.416649  -0.281384  -0.222657  -0.159276  -0.135753  -0.217581  -0.361758  -0.450058
  -0.615415  -0.506258  -0.324906  -0.209313  -0.153971  -0.090933  -0.064498  -0.127172  -0.239718  -0.308828
  -0.522917  -0.425547  -0.263617  -0.159766  -0.106056  -0.042561  -0.013932  -0.064747  -0.157808  -0.215104
  -0.475258  -0.378449  -0.217348  -0.113622  -0.057438  0.010341  0.042012  -0.005420  -0.093526  -0.147875
  -0.417542  -0.318797  -0.154344  -0.047935  0.012973  0.088108  0.124490  0.079655  -0.005238  -0.057735
  -0.385677  -0.285105  -0.117519  -0.008724  0.055862  0.136589  0.176302  0.131716  0.046429  -0.006380
  -0.390568  -0.287064  -0.114469  -0.001929  0.068450  0.157701  0.201388  0.149327  0.050552  -0.010545
  -0.407369  -0.299235  -0.118742  -0.000342  0.078894  0.181103  0.230635  0.165854  0.044347  -0.030699
  -0.418359  -0.307436  -0.122185  -0.000260  0.084285  0.194253  0.247266  0.174733  0.039393  -0.044141
오전 9:48
Mesh Leveling Probed Z positions:
-0.418359 -0.000260 0.247266 -0.044141
-0.385677 -0.008724 0.176302 -0.006380
-0.522917 -0.159766 -0.013932 -0.215104
-0.845573 -0.324219 -0.177865 -0.534505