오후 12:07
Mesh X,Y: 10,10
Search Height: 8
Mesh Offsets: X=0.0000, Y=0.0000
Mesh Average: -0.12
Mesh Range: min=-0.7977 max=0.2496
Interpolation Algorithm: bicubic
Measured points:
  -0.797656  -0.664160  -0.442353  -0.300911  -0.231786  -0.152956  -0.122135  -0.216904  -0.384525  -0.487240
  -0.714247  -0.591060  -0.386358  -0.255724  -0.191399  -0.117662  -0.088155  -0.172234  -0.321518  -0.413044
  -0.575444  -0.469182  -0.292557  -0.179658  -0.123174  -0.057730  -0.030309  -0.096628  -0.215474  -0.288432
  -0.486068  -0.389779  -0.229694  -0.127214  -0.075200  -0.014366  0.012109  -0.042895  -0.142449  -0.203646
  -0.439217  -0.342124  -0.180663  -0.077146  -0.023885  0.038984  0.067412  0.017794  -0.073211  -0.129253
  -0.382349  -0.281453  -0.113611  -0.005771  0.050818  0.118451  0.150499  0.107001  0.025339  -0.025104
  -0.351823  -0.247970  -0.075158  0.036068  0.095504  0.167192  0.201953  0.161011  0.082950  0.034635
  -0.363119  -0.255956  -0.077525  0.037765  0.102603  0.182134  0.220639  0.173552  0.084278  0.029062
  -0.390289  -0.278152  -0.091266  0.030169  0.103437  0.195208  0.239361  0.181246  0.072117  0.004705
  -0.407552  -0.292441  -0.100502  0.024609  0.102948  0.202080  0.249609  0.184724  0.063427  -0.011458
오후 12:07
Mesh Leveling Probed Z positions:
-0.407552 0.024609 0.249609 -0.011458
-0.351823 0.036068 0.201953 0.034635
-0.486068 -0.127214 0.012109 -0.203646
-0.797656 -0.300911 -0.122135 -0.487240