오전 10:15
Mesh X,Y: 10,10
Search Height: 8
Mesh Offsets: X=0.0000, Y=0.0000
Mesh Average: -0.15
Mesh Range: min=-0.7926 max=0.2439
Interpolation Algorithm: bicubic
Measured points:
  -0.792578  -0.672346  -0.472507  -0.344792  -0.280751  -0.206682  -0.176432  -0.257092  -0.400790  -0.488932
  -0.718529  -0.604781  -0.415661  -0.294559  -0.232311  -0.159490  -0.129096  -0.204427  -0.339154  -0.421838
  -0.595360  -0.492230  -0.320657  -0.210368  -0.150969  -0.080048  -0.049307  -0.115742  -0.235525  -0.309119
  -0.516276  -0.419293  -0.257866  -0.153776  -0.095680  -0.025269  0.006120  -0.054485  -0.164580  -0.232292
  -0.476666  -0.378504  -0.215038  -0.109325  -0.048536  0.026133  0.060593  0.003947  -0.100260  -0.164458
  -0.429197  -0.327473  -0.157968  -0.047923  0.017778  0.099821  0.139314  0.087742  -0.009202  -0.069095
  -0.402995  -0.298416  -0.124092  -0.010677  0.058425  0.145438  0.188151  0.138835  0.044872  -0.013281
  -0.406597  -0.297824  -0.116503  0.001485  0.073652  0.164540  0.208818  0.154832  0.052627  -0.010575
  -0.419748  -0.304543  -0.112506  0.012427  0.088944  0.185165  0.231303  0.168897  0.052078  -0.020056
  -0.428385  -0.309323  -0.110862  0.018229  0.097322  0.196680  0.243880  0.176302  0.050524  -0.027083
오전 10:15
Mesh Leveling Probed Z positions:
-0.428385 0.018229 0.243880 -0.027083
-0.402995 -0.010677 0.188151 -0.013281
-0.516276 -0.153776 0.006120 -0.232292
-0.792578 -0.344792 -0.176432 -0.488932