오전 10:48
Mesh X,Y: 10,10
Search Height: 8
Mesh Offsets: X=0.0000, Y=0.0000
Mesh Average: -0.15
Mesh Range: min=-0.8365 max=0.1917
Interpolation Algorithm: bicubic
Measured points:
  -0.836458  -0.700376  -0.474479  -0.331250  -0.266739  -0.196094  -0.170443  -0.266850  -0.436029  -0.539583
  -0.743257  -0.618478  -0.411289  -0.279698  -0.219142  -0.151942  -0.126443  -0.211038  -0.360262  -0.451668
  -0.588459  -0.482302  -0.305929  -0.193493  -0.139337  -0.077622  -0.052235  -0.117206  -0.233313  -0.304562
  -0.489974  -0.395061  -0.237277  -0.136328  -0.085575  -0.026396  -0.000521  -0.052989  -0.148137  -0.206641
  -0.446337  -0.352580  -0.196584  -0.096247  -0.042534  0.021940  0.051808  0.005105  -0.081317  -0.134601
  -0.396965  -0.302297  -0.144591  -0.042376  0.017115  0.091035  0.127442  0.087313  0.010342  -0.037335
  -0.371094  -0.274847  -0.114410  -0.010026  0.053138  0.132800  0.173047  0.136111  0.063562  0.018490
  -0.382167  -0.280296  -0.110580  -0.000538  0.063625  0.143508  0.183293  0.143003  0.064877  0.016417
  -0.407992  -0.296933  -0.112087  0.007063  0.072084  0.151026  0.189135  0.142327  0.053567  -0.001333
  -0.424349  -0.307726  -0.113718  0.010937  0.076406  0.154659  0.191667  0.140815  0.045473  -0.013411
오전 10:48
Mesh Leveling Probed Z positions:
-0.424349 0.010937 0.191667 -0.013411
-0.371094 -0.010026 0.173047 0.018490
-0.489974 -0.136328 -0.000521 -0.206641
-0.836458 -0.331250 -0.170443 -0.539583