Mesh X,Y: 10,10
Search Height: 8
Mesh Offsets: X=0.0000, Y=0.0000
Mesh Average: -0.16
Mesh Range: min=-0.7901 max=0.2651
Interpolation Algorithm: bicubic
Measured points:
  -0.499219  -0.465111  -0.409869  -0.380339  -0.400500  -0.444254  -0.483333  -0.570463  -0.707552  -0.790104
  -0.346801  -0.326945  -0.295408  -0.281097  -0.309164  -0.362333  -0.405861  -0.486893  -0.612542  -0.688029
  -0.093619  -0.097487  -0.105405  -0.116392  -0.157398  -0.225866  -0.276561  -0.347298  -0.453723  -0.517342
  0.067578  0.048400  0.015055  -0.012109  -0.060572  -0.137437  -0.191797  -0.255326  -0.348624  -0.404167
  0.143488  0.115891  0.068771  0.033675  -0.013059  -0.084912  -0.135070  -0.191285  -0.273221  -0.321937
  0.229322  0.191443  0.127596  0.083255  0.041307  -0.019997  -0.062134  -0.107643  -0.173415  -0.212461
  0.265104  0.222122  0.150019  0.101302  0.062960  0.008958  -0.027734  -0.066281  -0.121616  -0.154427
  0.178849  0.141004  0.077503  0.034538  0.000319  -0.047964  -0.080650  -0.114159  -0.162069  -0.190458
  0.024070  -0.003791  -0.050643  -0.082753  -0.110819  -0.151130  -0.178334  -0.205127  -0.243215  -0.265760
  -0.070964  -0.092630  -0.129158  -0.154557  -0.178951  -0.214559  -0.238542  -0.261407  -0.293758  -0.312891
오후 8:11
Mesh Leveling Probed Z positions:
-0.070964 -0.154557 -0.238542 -0.312891
0.265104 0.101302 -0.027734 -0.154427
0.067578 -0.012109 -0.191797 -0.404167
-0.499219 -0.380339 -0.483333 -0.790104