Mesh X,Y: 10,10
Search Height: 8
Mesh Offsets: X=0.0000, Y=0.0000
Mesh Average: 0.07
Mesh Range: min=-0.5895 max=0.5014
Interpolation Algorithm: bicubic
Measured points:
  -0.278646  -0.246014  -0.193127  -0.164714  -0.182467  -0.222160  -0.259635  -0.352842  -0.500465  -0.589453
  -0.124881  -0.103473  -0.069376  -0.053505  -0.081123  -0.134064  -0.178100  -0.263476  -0.396299  -0.476138
  0.130619  0.133276  0.135995  0.130967  0.087220  0.012719  -0.041935  -0.114215  -0.222371  -0.286967
  0.293620  0.283910  0.265983  0.247396  0.194400  0.107949  0.047656  -0.015932  -0.108050  -0.162760
  0.373554  0.354996  0.322615  0.295799  0.245386  0.165396  0.109992  0.052399  -0.030724  -0.080060
  0.464999  0.434903  0.383788  0.346765  0.302966  0.236711  0.190893  0.141422  0.069785  0.027242
  0.501432  0.466011  0.406307  0.364844  0.325712  0.268484  0.228906  0.184695  0.120461  0.082292
  0.396176  0.370110  0.325929  0.294274  0.258748  0.205392  0.168506  0.128459  0.070444  0.035987
  0.209415  0.200411  0.184480  0.170451  0.139988  0.091157  0.057388  0.022974  -0.026566  -0.055955
  0.094922  0.096417  0.097866  0.094661  0.067188  0.020931  -0.011068  -0.042179  -0.086739  -0.113151
오후 7:39
Mesh Leveling Probed Z positions:
0.094922 0.094661 -0.011068 -0.113151
0.501432 0.364844 0.228906 0.082292
0.293620 0.247396 0.047656 -0.162760
-0.278646 -0.164714 -0.259635 -0.589453