오전 9:43
Mesh X,Y: 10,10
Search Height: 8
Mesh Offsets: X=0.0000, Y=0.0000
Mesh Average: -0.06
Mesh Range: min=-0.4264 max=0.2113
Interpolation Algorithm: bicubic
Measured points:
  0.148958  0.166475  0.195079  0.211328  0.207591  0.196012  0.182812  0.140714  0.073123  0.032292
  0.131590  0.147669  0.173887  0.188629  0.184120  0.171730  0.158561  0.119901  0.058079  0.020755
  0.101051  0.114776  0.137089  0.149357  0.143528  0.129725  0.116578  0.083714  0.031621  0.000214
  0.074870  0.087237  0.107289  0.118099  0.111283  0.096318  0.083073  0.054235  0.008922  -0.018359
  0.022338  0.035081  0.055708  0.066688  0.058415  0.041120  0.027028  0.002123  -0.036413  -0.059555
  -0.062156  -0.048488  -0.026404  -0.014816  -0.025271  -0.046147  -0.061597  -0.080812  -0.109513  -0.126648
  -0.123438  -0.109269  -0.086397  -0.074479  -0.086147  -0.108995  -0.125130  -0.140763  -0.163311  -0.176693
  -0.203577  -0.189995  -0.168066  -0.156626  -0.167775  -0.189577  -0.204814  -0.218580  -0.238207  -0.249831
  -0.323075  -0.310575  -0.290381  -0.279797  -0.289782  -0.309359  -0.322929  -0.334458  -0.350719  -0.360331
  -0.394401  -0.382568  -0.363442  -0.353385  -0.362636  -0.380816  -0.393359  -0.403608  -0.417960  -0.426432
오전 9:43
Mesh Leveling Probed Z positions:
-0.394401 -0.353385 -0.393359 -0.426432
-0.123438 -0.074479 -0.125130 -0.176693
0.074870 0.118099 0.083073 -0.018359
0.148958 0.211328 0.182812 0.032292