오전 10:48
Mesh X,Y: 10,10
Search Height: 8
Mesh Offsets: X=0.0000, Y=0.0000
Mesh Average: -0.09
Mesh Range: min=-0.5215 max=0.1849
Interpolation Algorithm: bicubic
Measured points:
  0.112891  0.133378  0.166666  0.184896  0.175359  0.153594  0.134115  0.091035  0.023245  -0.017578
  0.099294  0.117922  0.148154  0.164567  0.154870  0.133410  0.114720  0.075678  0.014484  -0.022343
  0.074887  0.090492  0.115756  0.129215  0.119262  0.098311  0.080928  0.048568  -0.001708  -0.031922
  0.052083  0.066023  0.088551  0.100391  0.090316  0.069692  0.053125  0.024924  -0.018561  -0.044661
  -0.001857  0.013075  0.037243  0.050092  0.040170  0.019608  0.003224  -0.023779  -0.065314  -0.090234
  -0.089923  -0.072933  -0.045366  -0.030433  -0.040024  -0.060486  -0.076711  -0.102692  -0.142578  -0.166502
  -0.155078  -0.136778  -0.107042  -0.090755  -0.099964  -0.120088  -0.136068  -0.161535  -0.200636  -0.224089
  -0.247043  -0.228444  -0.198174  -0.181389  -0.189310  -0.207400  -0.222183  -0.247710  -0.287199  -0.310913
  -0.385472  -0.366660  -0.335967  -0.318643  -0.324495  -0.339266  -0.352111  -0.377913  -0.418320  -0.442634
  -0.468229  -0.449313  -0.418407  -0.400781  -0.405383  -0.418144  -0.429818  -0.455802  -0.496791  -0.521484
오전 10:48
Mesh Leveling Probed Z positions:
-0.468229 -0.400781 -0.429818 -0.521484
-0.155078 -0.090755 -0.136068 -0.224089
0.052083 0.100391 0.053125 -0.044661
0.112891 0.184896 0.134115 -0.017578