오전 10:14
Mesh X,Y: 10,10
Search Height: 8
Mesh Offsets: X=0.0000, Y=0.0000
Mesh Average: -0.07
Mesh Range: min=-0.4712 max=0.2221
Interpolation Algorithm: bicubic
Measured points:
  0.153646  0.170437  0.198131  0.214974  0.219788  0.222084  0.216146  0.166683  0.085062  0.035547
  0.126210  0.145770  0.177844  0.196600  0.195903  0.188863  0.178519  0.137781  0.071771  0.031837
  0.079493  0.103403  0.142348  0.164060  0.154357  0.132103  0.114595  0.088175  0.047766  0.023545
  0.045182  0.070871  0.112578  0.135286  0.120444  0.089675  0.068229  0.050219  0.024796  0.009766
  0.004308  0.024039  0.056003  0.073117  0.059964  0.033288  0.014252  -0.004917  -0.032772  -0.049324
  -0.059245  -0.049829  -0.034701  -0.027107  -0.036215  -0.054039  -0.068106  -0.091093  -0.126380  -0.147545
  -0.109505  -0.106103  -0.100780  -0.098698  -0.105204  -0.117469  -0.128385  -0.153496  -0.193005  -0.216797
  -0.201699  -0.196863  -0.189159  -0.185569  -0.191598  -0.203329  -0.213614  -0.236269  -0.271833  -0.293242
  -0.343847  -0.335227  -0.321281  -0.313893  -0.319665  -0.331695  -0.341609  -0.359762  -0.387927  -0.404849
  -0.429167  -0.418121  -0.400177  -0.390365  -0.396029  -0.408349  -0.418099  -0.433481  -0.457075  -0.471224
오전 10:14
Mesh Leveling Probed Z positions:
-0.429167 -0.390365 -0.418099 -0.471224
-0.109505 -0.098698 -0.128385 -0.216797
0.045182 0.135286 0.068229 0.009766
0.153646 0.214974 0.216146 0.035547