오전 11:59
Mesh X,Y: 10,10
Search Height: 8
Mesh Offsets: X=0.0000, Y=0.0000
Mesh Average: -0.06
Mesh Range: min=-1.1215 max=0.5518
Interpolation Algorithm: bicubic
Measured points:
  0.551823  0.533764  0.502581  0.477995  0.439480  0.378136  0.331120  0.254110  0.136498  0.066016
  0.525659  0.503450  0.465660  0.438018  0.404852  0.353847  0.315762  0.257782  0.169977  0.117431
  0.478036  0.449111  0.400639  0.368087  0.343756  0.309805  0.286492  0.260224  0.222112  0.199470
  0.431120  0.398628  0.344515  0.309505  0.290594  0.267019  0.252865  0.247189  0.241439  0.238281
  0.312449  0.283014  0.234003  0.202338  0.184915  0.163464  0.152154  0.158181  0.171314  0.179572
  0.116133  0.092731  0.053702  0.028238  0.011718  -0.009143  -0.018158  0.002653  0.039916  0.062789
  -0.035807  -0.055172  -0.087568  -0.109115  -0.126413  -0.149180  -0.158203  -0.128717  -0.076980  -0.045313
  -0.287887  -0.304769  -0.333376  -0.353839  -0.379698  -0.416946  -0.434393  -0.402985  -0.346076  -0.311088
  -0.673751  -0.687377  -0.711119  -0.730652  -0.770727  -0.831901  -0.863564  -0.831225  -0.769449  -0.731204
  -0.905078  -0.916806  -0.937723  -0.956771  -1.005477  -1.081169  -1.121484  -1.088787  -1.024393  -0.984375
오전 11:59
Mesh Leveling Probed Z positions:
-0.905078 -0.956771 -1.121484 -0.984375
-0.035807 -0.109115 -0.158203 -0.045313
0.431120 0.309505 0.252865 0.238281
0.551823 0.477995 0.331120 0.066016