오전 10:54
Mesh X,Y: 10,10
Search Height: 8
Mesh Offsets: X=0.0000, Y=0.0000
Mesh Average: -0.01
Mesh Range: min=-1.0954 max=0.6094
Interpolation Algorithm: bicubic
Measured points:
  0.609375  0.577607  0.524057  0.486849  0.453676  0.404189  0.364453  0.286777  0.166508  0.094271
  0.578267  0.549807  0.501847  0.468580  0.438839  0.394744  0.360419  0.298883  0.204318  0.147590
  0.522598  0.499565  0.460780  0.433992  0.409934  0.374794  0.349509  0.315154  0.263893  0.233293
  0.471224  0.451373  0.417981  0.395052  0.374541  0.345100  0.325781  0.310204  0.288931  0.276432
  0.354712  0.334457  0.300488  0.277571  0.258631  0.232473  0.217684  0.220365  0.228597  0.233939
  0.163274  0.141583  0.105352  0.081485  0.064014  0.041476  0.032533  0.061258  0.111732  0.142632
  0.015234  -0.007440  -0.045277  -0.070052  -0.087974  -0.110507  -0.117318  -0.073574  0.001552  0.047396
  -0.230561  -0.253624  -0.292411  -0.319008  -0.345849  -0.382896  -0.398525  -0.355985  -0.280788  -0.234714
  -0.606762  -0.630286  -0.670357  -0.699840  -0.741551  -0.802963  -0.833928  -0.797147  -0.727972  -0.685231
  -0.832292  -0.856078  -0.896902  -0.928125  -0.978871  -1.055102  -1.095443  -1.062501  -0.997540  -0.957161
오전 10:54
Mesh Leveling Probed Z positions:
-0.832292 -0.928125 -1.095443 -0.957161
0.015234 -0.070052 -0.117318 0.047396
0.471224 0.395052 0.325781 0.276432
0.609375 0.486849 0.364453 0.094271