오후 1:57
Mesh X,Y: 10,10
Search Height: 8
Mesh Offsets: X=0.0000, Y=0.0000
Mesh Average: -0.05
Mesh Range: min=-1.1232 max=0.6669
Interpolation Algorithm: bicubic
Measured points:
  0.666927  0.616568  0.532135  0.475260  0.432951  0.373096  0.328646  0.258567  0.152365  0.088802
  0.606969  0.562389  0.487815  0.438247  0.405236  0.359768  0.325995  0.271725  0.189398  0.140117
  0.503931  0.468880  0.410558  0.373038  0.355360  0.333627  0.317512  0.289628  0.247194  0.221779
  0.424609  0.395334  0.346868  0.316667  0.308297  0.301020  0.295833  0.285259  0.269153  0.259505
  0.311461  0.282392  0.234347  0.204721  0.198096  0.193990  0.192203  0.192409  0.193545  0.194307
  0.131629  0.101816  0.052584  0.022394  0.016046  0.013046  0.013920  0.028263  0.052449  0.067169
  -0.011068  -0.040418  -0.088934  -0.118880  -0.127025  -0.132763  -0.132292  -0.109100  -0.070012  -0.046224
  -0.272606  -0.294598  -0.331434  -0.356112  -0.376794  -0.404509  -0.416553  -0.387961  -0.336975  -0.305696
  -0.676054  -0.685909  -0.703487  -0.719496  -0.760860  -0.824907  -0.857944  -0.822598  -0.755511  -0.714011
  -0.918229  -0.920722  -0.926618  -0.937370  -0.991281  -1.077374  -1.123177  -1.083931  -1.007400  -0.959896
오후 1:57
Mesh Leveling Probed Z positions:
-0.918229 -0.937370 -1.123177 -0.959896
-0.011068 -0.118880 -0.132292 -0.046224
0.424609 0.316667 0.295833 0.259505
0.666927 0.475260 0.328646 0.088802