오후 12:42
Mesh X,Y: 10,10
Search Height: 8
Mesh Offsets: X=0.0000, Y=0.0000
Mesh Average: -0.18
Mesh Range: min=-1.2540 max=0.4421
Interpolation Algorithm: bicubic
Measured points:
  0.442057  0.415132  0.369411  0.336328  0.298745  0.241232  0.197786  0.128553  0.023232  -0.039844
  0.414749  0.386877  0.339815  0.306807  0.274574  0.226594  0.191247  0.139032  0.060305  0.013226
  0.365520  0.336021  0.286646  0.253720  0.230441  0.198421  0.176606  0.152710  0.118223  0.097755
  0.318750  0.288003  0.236815  0.203776  0.186461  0.165090  0.152214  0.146546  0.140485  0.137109
  0.208153  0.175179  0.120522  0.086190  0.073966  0.061733  0.055652  0.059209  0.067018  0.071932
  0.025189  -0.011048  -0.070820  -0.107194  -0.112772  -0.113017  -0.110296  -0.095499  -0.070906  -0.055971
  -0.119141  -0.156669  -0.218479  -0.255729  -0.259219  -0.255527  -0.249479  -0.227918  -0.192768  -0.171484
  -0.373928  -0.406934  -0.461735  -0.496526  -0.512565  -0.530299  -0.536704  -0.512085  -0.468938  -0.442533
  -0.766106  -0.791224  -0.833792  -0.864261  -0.901871  -0.956524  -0.984664  -0.956737  -0.903029  -0.869750
  -1.001432  -1.021726  -1.056812  -1.084635  -1.135410  -1.212602  -1.254036  -1.224261  -1.164388  -1.127083
오후 12:42
Mesh Leveling Probed Z positions:
-1.001432 -1.084635 -1.254036 -1.127083
-0.119141 -0.255729 -0.249479 -0.171484
0.318750 0.203776 0.152214 0.137109
0.442057 0.336328 0.197786 -0.039844