오후 1:58
Mesh X,Y: 10,10
Search Height: 8
Mesh Offsets: X=0.0000, Y=0.0000
Mesh Average: -0.45
Mesh Range: min=-3.3639 max=1.6084
Interpolation Algorithm: bicubic
Measured points:
  0.669661  0.910226  1.307156  1.549219  1.595354  1.608393  1.582943  1.383561  1.052704  0.851823
  0.484564  0.707131  1.074792  1.300720  1.355109  1.386670  1.376346  1.203211  0.912957  0.736460
  0.166388  0.359211  0.678502  0.877776  0.945880  1.008172  1.022921  0.893175  0.670027  0.533829
  -0.078906  0.095584  0.385075  0.567969  0.644821  0.726534  0.757031  0.654074  0.472297  0.360937
  -0.443698  -0.273542  0.008982  0.188372  0.269507  0.359488  0.396142  0.301231  0.131529  0.027383
  -1.016007  -0.848587  -0.570382  -0.392845  -0.306820  -0.208023  -0.165216  -0.254193  -0.415376  -0.514470
  -1.433333  -1.266366  -0.988843  -0.811458  -0.723517  -0.621547  -0.577083  -0.667813  -0.832317  -0.933464
  -2.002592  -1.830015  -1.543532  -1.361865  -1.279775  -1.189801  -1.157338  -1.281709  -1.499773  -1.633234
  -2.854871  -2.672568  -2.370551  -2.181474  -2.109736  -2.040828  -2.029039  -2.209650  -2.517118  -2.704503
  -3.363932  -3.175687  -2.864177  -2.670573  -2.605179  -2.549167  -2.550000  -2.764795  -3.126591  -3.346745
오후 1:58
Mesh Leveling Probed Z positions:
-3.363932 -2.670573 -2.550000 -3.346745
-1.433333 -0.811458 -0.577083 -0.933464
-0.078906 0.567969 0.757031 0.360937
0.669661 1.549219 1.582943 0.851823