오후 12:43
Mesh X,Y: 10,10
Search Height: 8
Mesh Offsets: X=0.0000, Y=0.0000
Mesh Average: -0.51
Mesh Range: min=-3.4087 max=1.5559
Interpolation Algorithm: bicubic
Measured points:
  0.606250  0.843602  1.235515  1.475651  1.529504  1.555852  1.538281  1.337972  1.003744  0.800651
  0.424541  0.642915  1.003893  1.226687  1.287291  1.329924  1.326136  1.151847  0.858174  0.679465
  0.111906  0.298949  0.608861  0.803047  0.874929  0.944664  0.963760  0.832431  0.605685  0.467214
  -0.130208  0.037659  0.316337  0.493099  0.572415  0.659607  0.693229  0.588209  0.402326  0.288411
  -0.496092  -0.331772  -0.058733  0.115447  0.200060  0.296932  0.337287  0.238543  0.061627  -0.046976
  -1.070864  -0.907791  -0.636560  -0.462472  -0.370959  -0.262427  -0.214639  -0.310189  -0.483496  -0.590061
  -1.489323  -1.325890  -1.053962  -0.879036  -0.784339  -0.670794  -0.620443  -0.718984  -0.897908  -1.007943
  -2.055651  -1.887301  -1.607536  -1.428942  -1.339838  -1.237611  -1.198450  -1.327838  -1.555827  -1.695459
  -2.902801  -2.726062  -2.432947  -2.248188  -2.169284  -2.087396  -2.067748  -2.248403  -2.557727  -2.746401
  -3.408724  -3.226870  -2.925618  -2.737109  -2.664482  -2.595084  -2.587370  -2.799159  -3.157858  -3.376302
오후 12:43
Mesh Leveling Probed Z positions:
-3.408724 -2.737109 -2.587370 -3.376302
-1.489323 -0.879036 -0.620443 -1.007943
-0.130208 0.493099 0.693229 0.288411
0.606250 1.475651 1.538281 0.800651