오전 1058
Mesh X,Y 10,10
Search Height 8
Mesh Offsets X=0.0000, Y=0.0000
Mesh Average -0.36
Mesh Range min=-3.2590 max=1.7175
Interpolation Algorithm bicubic
Measured points
  0.728776  0.980299  1.395410  1.648958  1.699616  1.717479  1.694531  1.494180  1.160970  0.958594
  0.554424  0.783455  1.161920  1.394986  1.454224  1.492245  1.485789  1.313749  1.024334  0.848258
  0.253776  0.445753  0.763849  0.963191  1.036669  1.108077  1.128899  1.003521  0.786267  0.653524
  0.018359  0.187971  0.469642  0.648698  0.731206  0.823476  0.861198  0.764074  0.590422  0.483854
  -0.351058  -0.183310  0.095451  0.273389  0.360116  0.459848  0.502654  0.409752  0.241993  0.138901
  -0.933161  -0.763131  -0.480459  -0.299547  -0.208217  -0.101517  -0.054686  -0.148181  -0.317911  -0.422290
  -1.355599  -1.183154  -0.896473  -0.713021  -0.620390  -0.512290  -0.465365  -0.563766  -0.741763  -0.851172
  -1.917977  -1.741515  -1.448588  -1.262867  -1.179199  -1.087615  -1.054567  -1.181003  -1.402713  -1.538407
  -2.757671  -2.574765  -2.271860  -2.082679  -2.014432  -1.951086  -1.941501  -2.114074  -2.407575  -2.586423
  -3.258984  -3.072187  -2.763259  -2.572005  -2.513170  -2.467044  -2.471745  -2.672296  -3.009316  -3.214323
오전 1058
Mesh Leveling Probed Z positions
-3.258984 -2.572005 -2.471745 -3.214323
-1.355599 -0.713021 -0.465365 -0.851172
0.018359 0.648698 0.861198 0.483854
0.728776 1.648958 1.694531 0.958594