오전 11:59
Mesh X,Y: 10,10
Search Height: 8
Mesh Offsets: X=0.0000, Y=0.0000
Mesh Average: -0.49
Mesh Range: min=-3.3917 max=1.5896
Interpolation Algorithm: bicubic
Measured points:
  0.624740  0.864939  1.261597  1.504818  1.560738  1.589627  1.572786  1.367318  1.024245  0.815755
  0.440851  0.662521  1.028946  1.255092  1.316397  1.359416  1.355787  1.181504  0.887762  0.709004
  0.124740  0.315812  0.632313  0.830273  0.900543  0.967007  0.985246  0.862347  0.649863  0.520076
  -0.119010  0.053302  0.339201  0.519922  0.595974  0.677264  0.709115  0.617260  0.453779  0.353516
  -0.481871  -0.313090  -0.032875  0.144943  0.224304  0.311954  0.348270  0.260636  0.103215  0.006545
  -1.051121  -0.883779  -0.605795  -0.428763  -0.345400  -0.250935  -0.210718  -0.299744  -0.460400  -0.559117
  -1.465885  -1.298782  -1.021146  -0.844141  -0.759165  -0.662215  -0.621354  -0.716389  -0.887251  -0.992188
  -2.029710  -1.861064  -1.581114  -1.403621  -1.323318  -1.235448  -1.204534  -1.331605  -1.553776  -1.689695
  -2.873511  -2.701992  -2.417701  -2.239166  -2.167135  -2.095231  -2.081291  -2.260976  -2.567266  -2.753968
  -3.377474  -3.204182  -2.917210  -2.738021  -2.671060  -2.608931  -2.605339  -2.816919  -3.174189  -3.391667
오전 11:59
Mesh Leveling Probed Z positions:
-3.377474 -2.738021 -2.605339 -3.391667
-1.465885 -0.844141 -0.621354 -0.992188
-0.119010 0.519922 0.709115 0.353516
0.624740 1.504818 1.572786 0.815755