오후 9:27
Mesh X,Y: 10,10
Search Height: 8
Mesh Offsets: X=0.0000, Y=0.0000
Mesh Average: -0.19
Mesh Range: min=-1.8862 max=1.4259
Interpolation Algorithm: bicubic
Measured points:
  1.253646  1.302933  1.382845  1.425911  1.399423  1.340394  1.285937  1.156530  0.952093  0.828906
  1.011939  1.055828  1.126759  1.164045  1.134722  1.072222  1.015455  0.883509  0.675436  0.550094
  0.604444  0.639536  0.695826  0.723683  0.689702  0.621481  0.560899  0.424720  0.210572  0.081628
  0.321094  0.351254  0.399331  0.421875  0.385133  0.313449  0.250521  0.111583  -0.106568  -0.237891
  0.049871  0.081839  0.132885  0.157180  0.120363  0.048085  -0.015465  -0.156029  -0.376778  -0.509669
  -0.346480  -0.309990  -0.251489  -0.222660  -0.258795  -0.331074  -0.395015  -0.537664  -0.761870  -0.896859
  -0.615885  -0.575249  -0.509890  -0.476823  -0.511875  -0.583385  -0.647135  -0.791039  -1.017442  -1.153776
  -0.888030  -0.837900  -0.756775  -0.713682  -0.744359  -0.810931  -0.872008  -1.016379  -1.244317  -1.381651
  -1.277051  -1.211936  -1.105917  -1.046964  -1.070535  -1.128979  -1.185596  -1.330422  -1.560364  -1.699029
  -1.507552  -1.433410  -1.312392  -1.243880  -1.263152  -1.316666  -1.370573  -1.515646  -1.746755  -1.886198
오후 9:27
Mesh Leveling Probed Z positions:
-1.507552 -1.243880 -1.370573 -1.886198
-0.615885 -0.476823 -0.647135 -1.153776
0.321094 0.421875 0.250521 -0.237891
1.253646 1.425911 1.285937 0.828906