오후 7:36
Mesh X,Y: 10,10
Search Height: 8
Mesh Offsets: X=0.0000, Y=0.0000
Mesh Average: -0.05
Mesh Range: min=-1.1796 max=0.5026
Interpolation Algorithm: bicubic
Measured points:
  0.502604  0.495023  0.481238  0.467708  0.434877  0.379799  0.333854  0.239458  0.092353  0.003906
  0.492374  0.483636  0.468180  0.454579  0.427211  0.382067  0.345143  0.272611  0.159998  0.092330
  0.470916  0.460273  0.442066  0.428370  0.410133  0.381573  0.359672  0.323382  0.267926  0.234689
  0.439453  0.427657  0.407806  0.394141  0.381935  0.364266  0.352083  0.338561  0.318945  0.307292
  0.321167  0.308990  0.288695  0.275501  0.268147  0.258755  0.252612  0.246883  0.238896  0.234184
  0.120757  0.108401  0.088040  0.075732  0.074586  0.075634  0.076821  0.078905  0.082270  0.084306
  -0.038281  -0.049997  -0.069236  -0.080599  -0.080031  -0.076170  -0.072656  -0.065855  -0.055147  -0.048698
  -0.321050  -0.327620  -0.338848  -0.347256  -0.360007  -0.378946  -0.388614  -0.378010  -0.357895  -0.345453
  -0.756823  -0.754913  -0.752974  -0.756656  -0.792179  -0.850077  -0.882477  -0.866899  -0.833205  -0.812035
  -1.018359  -1.011307  -1.001384  -1.002214  -1.051623  -1.133278  -1.179557  -1.161080  -1.119328  -1.092969
오후 7:36
Mesh Leveling Probed Z positions:
-1.018359 -1.002214 -1.179557 -1.092969
-0.038281 -0.080599 -0.072656 -0.048698
0.439453 0.394141 0.352083 0.307292
0.502604 0.467708 0.333854 0.003906