Mesh X,Y: 10,10
Search Height: 8
Mesh Offsets: X=0.0000, Y=0.0000
Mesh Average: -0.40
Mesh Range: min=-1.0740 max=-0.0516
Interpolation Algorithm: bicubic
Measured points:
  -1.058724  -0.985601  -0.865024  -0.791797  -0.779031  -0.777711  -0.789453  -0.867359  -0.995948  -1.073958
  -0.831761  -0.772455  -0.674851  -0.616340  -0.611041  -0.618495  -0.634223  -0.705377  -0.821546  -0.891906
  -0.456997  -0.420379  -0.360500  -0.326160  -0.333189  -0.355150  -0.377441  -0.437215  -0.532497  -0.589992
  -0.227344  -0.204119  -0.166520  -0.146484  -0.161063  -0.191990  -0.218229  -0.270102  -0.351055  -0.399740
  -0.175381  -0.151930  -0.114009  -0.093983  -0.110423  -0.144182  -0.171047  -0.215315  -0.283389  -0.324231
  -0.149605  -0.122021  -0.077314  -0.053288  -0.070703  -0.106629  -0.133328  -0.166549  -0.216223  -0.245887
  -0.166797  -0.134072  -0.080861  -0.051563  -0.067992  -0.103247  -0.128646  -0.154661  -0.192645  -0.215234
  -0.363600  -0.313961  -0.232573  -0.185002  -0.191421  -0.214046  -0.231517  -0.252100  -0.283074  -0.301590
  -0.691913  -0.614995  -0.488145  -0.411040  -0.400837  -0.402366  -0.406819  -0.420092  -0.442244  -0.455705
  -0.891406  -0.797998  -0.643663  -0.548698  -0.528402  -0.517110  -0.513672  -0.522662  -0.539714  -0.550260
오후 9:18
Mesh Leveling Probed Z positions:
-0.891406 -0.548698 -0.513672 -0.550260
-0.166797 -0.051563 -0.128646 -0.215234
-0.227344 -0.146484 -0.218229 -0.399740
-1.058724 -0.791797 -0.789453 -1.073958