오전 10:48
Mesh X,Y: 10,10
Search Height: 8
Mesh Offsets: X=0.0000, Y=0.0000
Mesh Average: -0.09
Mesh Range: min=-0.7020 max=0.3454
Interpolation Algorithm: bicubic
Measured points:
  -0.447786  -0.423891  -0.385435  -0.365885  -0.386729  -0.428598  -0.463672  -0.531876  -0.638095  -0.701953
  -0.288913  -0.278398  -0.262199  -0.256940  -0.285089  -0.335682  -0.375193  -0.439993  -0.539297  -0.598841
  -0.025040  -0.036719  -0.057429  -0.075841  -0.115919  -0.180672  -0.227339  -0.286385  -0.374087  -0.426399
  0.142839  0.117160  0.073193  0.039974  -0.006873  -0.079310  -0.129688  -0.184676  -0.264531  -0.311979
  0.220105  0.189086  0.136425  0.098366  0.053850  -0.013415  -0.060038  -0.111087  -0.185164  -0.229172
  0.307140  0.270507  0.208818  0.166197  0.127314  0.070741  0.031458  -0.013624  -0.079372  -0.118466
  0.345443  0.305828  0.239384  0.194531  0.159752  0.110731  0.076693  0.036408  -0.022505  -0.057552
  0.273042  0.233964  0.168566  0.124989  0.094374  0.052347  0.023782  -0.007150  -0.051701  -0.078135
  0.140780  0.103475  0.041231  0.000500  -0.024019  -0.056008  -0.076589  -0.093036  -0.115244  -0.128266
  0.059375  0.023226  -0.036973  -0.075911  -0.096803  -0.122839  -0.138672  -0.146420  -0.155198  -0.160156
오전 10:48
Mesh Leveling Probed Z positions:
0.059375 -0.075911 -0.138672 -0.160156
0.345443 0.194531 0.076693 -0.057552
0.142839 0.039974 -0.129688 -0.311979
-0.447786 -0.365885 -0.463672 -0.701953