오후 12:07
Mesh X,Y: 10,10
Search Height: 8
Mesh Offsets: X=0.0000, Y=0.0000
Mesh Average: -0.10
Mesh Range: min=-0.7596 max=0.3427
Interpolation Algorithm: bicubic
Measured points:
  -0.495443  -0.467321  -0.421768  -0.397396  -0.413499  -0.448960  -0.481771  -0.560426  -0.684730  -0.759635
  -0.333323  -0.319035  -0.296506  -0.286965  -0.310982  -0.356044  -0.393756  -0.468665  -0.585364  -0.655527
  -0.063795  -0.072477  -0.088168  -0.103223  -0.140221  -0.200960  -0.246620  -0.315094  -0.418854  -0.480955
  0.108724  0.085462  0.045533  0.014974  -0.029633  -0.099264  -0.149219  -0.212753  -0.307045  -0.363281
  0.194772  0.165190  0.114911  0.078356  0.034692  -0.031688  -0.078528  -0.134670  -0.217241  -0.266410
  0.295566  0.258964  0.197279  0.154474  0.114238  0.055464  0.014929  -0.029721  -0.094448  -0.132895
  0.342708  0.302669  0.235430  0.189714  0.151950  0.098278  0.061979  0.025291  -0.027062  -0.058073
  0.275306  0.238467  0.176572  0.134366  0.098424  0.047277  0.013601  -0.014635  -0.053497  -0.076366
  0.149286  0.118793  0.067447  0.031994  -0.001381  -0.049383  -0.079605  -0.095615  -0.114905  -0.125955
  0.071484  0.044937  0.000149  -0.031120  -0.062977  -0.109164  -0.137370  -0.146121  -0.153784  -0.157813
오후 12:07
Mesh Leveling Probed Z positions:
0.071484 -0.031120 -0.137370 -0.157813
0.342708 0.189714 0.061979 -0.058073
0.108724 0.014974 -0.149219 -0.363281
-0.495443 -0.397396 -0.481771 -0.759635