오전 10:17
Mesh X,Y: 10,10
Search Height: 8
Mesh Offsets: X=0.0000, Y=0.0000
Mesh Average: 0.03
Mesh Range: min=-0.6836 max=0.5276
Interpolation Algorithm: bicubic
Measured points:
  -0.420182  -0.381000  -0.317327  -0.282422  -0.300195  -0.341197  -0.378646  -0.465075  -0.601441  -0.683594
  -0.235312  -0.212439  -0.175892  -0.158391  -0.184987  -0.236490  -0.279267  -0.361554  -0.489520  -0.566434
  0.071967  0.067664  0.059023  0.047561  0.006491  -0.062136  -0.113546  -0.188769  -0.302531  -0.370594
  0.268359  0.246424  0.208492  0.178385  0.128819  0.050567  -0.005469  -0.075474  -0.179182  -0.241016
  0.363430  0.331624  0.277504  0.237909  0.189297  0.115107  0.062646  -0.000688  -0.093944  -0.149488
  0.473986  0.429731  0.355279  0.304128  0.259190  0.194218  0.148966  0.095879  0.018236  -0.027954
  0.527604  0.475878  0.389244  0.331250  0.289033  0.230473  0.190234  0.144445  0.077933  0.038411
  0.468373  0.413803  0.322591  0.262265  0.222441  0.168754  0.132760  0.096052  0.043777  0.012824
  0.354217  0.296855  0.201196  0.138800  0.102455  0.055549  0.025547  0.002267  -0.028903  -0.047150
  0.283464  0.224581  0.126509  0.063021  0.028742  -0.014165  -0.040625  -0.055901  -0.074487  -0.085156
오전 10:17
Mesh Leveling Probed Z positions:
0.283464 0.063021 -0.040625 -0.085156
0.527604 0.331250 0.190234 0.038411
0.268359 0.178385 -0.005469 -0.241016
-0.420182 -0.282422 -0.378646 -0.683594