오전 11:29
Mesh X,Y: 10,10
Search Height: 8
Mesh Offsets: X=0.0000, Y=0.0000
Mesh Average: -0.10
Mesh Range: min=-0.7496 max=0.3070
Interpolation Algorithm: bicubic
Measured points:
  -0.478776  -0.454277  -0.414661  -0.393750  -0.409280  -0.442942  -0.474479  -0.552277  -0.675399  -0.749609
  -0.323140  -0.309760  -0.288647  -0.279638  -0.301389  -0.342559  -0.378001  -0.453423  -0.571506  -0.642557
  -0.064565  -0.069687  -0.079354  -0.090133  -0.122135  -0.175630  -0.217425  -0.288592  -0.397818  -0.463329
  0.100260  0.083234  0.053777  0.030339  -0.007871  -0.068622  -0.113932  -0.181158  -0.282806  -0.343620
  0.178372  0.155133  0.115442  0.085829  0.046661  -0.013889  -0.057578  -0.115071  -0.200725  -0.251844
  0.267508  0.236761  0.184752  0.147912  0.108840  0.050710  0.010807  -0.031158  -0.091616  -0.127487
  0.307031  0.272336  0.213891  0.173437  0.135493  0.080453  0.043880  0.011885  -0.032617  -0.058854
  0.233898  0.201260  0.146441  0.109123  0.077830  0.033360  0.003805  -0.022793  -0.059939  -0.081857
  0.100162  0.072043  0.025047  -0.006019  -0.026362  -0.053772  -0.072312  -0.092255  -0.120913  -0.137909
  0.017839  -0.007437  -0.049519  -0.076693  -0.090396  -0.107491  -0.119401  -0.135512  -0.159355  -0.173568
오전 11:29
Mesh Leveling Probed Z positions:
0.017839 -0.076693 -0.119401 -0.173568
0.307031 0.173437 0.043880 -0.058854
0.100260 0.030339 -0.113932 -0.343620
-0.478776 -0.393750 -0.474479 -0.749609