오후 12:10
Mesh X,Y: 10,10
Search Height: 8
Mesh Offsets: X=0.0000, Y=0.0000
Mesh Average: -0.28
Mesh Range: min=-1.2694 max=0.1350
Interpolation Algorithm: bicubic
Measured points:
  -0.786198  -0.703636  -0.567834  -0.486719  -0.481535  -0.495449  -0.519271  -0.617018  -0.776096  -0.872396
  -0.624000  -0.545106  -0.415242  -0.337288  -0.330326  -0.339864  -0.358417  -0.437805  -0.567344  -0.645793
  -0.358538  -0.285403  -0.164838  -0.091746  -0.081464  -0.083214  -0.092726  -0.141690  -0.222352  -0.271273
  -0.205339  -0.134531  -0.017636  0.053906  0.067761  0.073034  0.070443  0.040563  -0.009750  -0.040365
  -0.230856  -0.152599  -0.023064  0.057576  0.082177  0.103488  0.111176  0.087520  0.045107  0.019068
  -0.318186  -0.226593  -0.074505  0.022103  0.064245  0.111327  0.134959  0.117414  0.081305  0.058744
  -0.407813  -0.306847  -0.138914  -0.031120  0.023130  0.087952  0.122526  0.108985  0.076880  0.056510
  -0.649951  -0.539457  -0.355426  -0.236304  -0.170087  -0.087739  -0.042160  -0.050302  -0.076087  -0.092859
  -1.036262  -0.911979  -0.704658  -0.569168  -0.485792  -0.378343  -0.316984  -0.317268  -0.333791  -0.345284
  -1.269401  -1.136931  -0.915780  -0.770573  -0.677024  -0.554697  -0.483984  -0.479597  -0.490609  -0.498958
오후 12:10
Mesh Leveling Probed Z positions:
-1.269401 -0.770573 -0.483984 -0.498958
-0.407813 -0.031120 0.122526 0.056510
-0.205339 0.053906 0.070443 -0.040365
-0.786198 -0.486719 -0.519271 -0.872396