오전 11:30
Mesh X,Y: 10,10
Search Height: 8
Mesh Offsets: X=0.0000, Y=0.0000
Mesh Average: -0.26
Mesh Range: min=-2.1023 max=1.0079
Interpolation Algorithm: bicubic
Measured points:
  0.783203  0.845734  0.948219  1.007943  1.003644  0.978130  0.944792  0.825440  0.632691  0.516146
  0.712587  0.758233  0.832396  0.872992  0.853587  0.806853  0.759363  0.626768  0.415400  0.287855
  0.587734  0.605715  0.633467  0.642694  0.598379  0.516608  0.445741  0.291227  0.049028  -0.096732
  0.478125  0.480014  0.480745  0.471615  0.412166  0.308933  0.223698  0.055548  -0.205889  -0.363021
  0.248914  0.252611  0.256216  0.248392  0.186209  0.077964  -0.010838  -0.182813  -0.449834  -0.610287
  -0.122710  -0.111339  -0.095133  -0.095507  -0.158085  -0.268855  -0.359784  -0.534988  -0.807012  -0.970471
  -0.399219  -0.379503  -0.349487  -0.341276  -0.401351  -0.510020  -0.600130  -0.777133  -1.052470  -1.217969
  -0.800496  -0.756569  -0.686135  -0.651391  -0.694301  -0.780569  -0.858003  -1.036156  -1.316714  -1.485685
  -1.406206  -1.323498  -1.188293  -1.110910  -1.125480  -1.174470  -1.230695  -1.410181  -1.698464  -1.872625
  -1.768490  -1.662363  -1.488042  -1.384896  -1.382273  -1.408621  -1.451953  -1.632195  -1.925082  -2.102344
오전 11:30
Mesh Leveling Probed Z positions:
-1.768490 -1.384896 -1.451953 -2.102344
-0.399219 -0.341276 -0.600130 -1.217969
0.478125 0.471615 0.223698 -0.363021
0.783203 1.007943 0.944792 0.516146