오전 10:12
Mesh X,Y: 10,10
Search Height: 8
Mesh Offsets: X=0.0000, Y=0.0000
Mesh Average: -0.03
Mesh Range: min=-1.7246 max=1.1717
Interpolation Algorithm: bicubic
Measured points:
  0.950130  1.011978  1.113224  1.171745  1.164161  1.133417  1.096875  0.976819  0.783655  0.666927
  0.878692  0.929431  1.011895  1.057149  1.035633  0.984248  0.933750  0.800284  0.588101  0.460119
  0.753064  0.785483  0.836976  0.860354  0.815863  0.730437  0.656921  0.501314  0.257723  0.111157
  0.645312  0.666605  0.699286  0.709375  0.650924  0.544811  0.457292  0.288126  0.025280  -0.132682
  0.431172  0.450206  0.479075  0.486496  0.425395  0.315387  0.225218  0.053385  -0.213273  -0.373493
  0.085324  0.103833  0.131818  0.138634  0.077035  -0.033704  -0.124448  -0.297357  -0.565675  -0.726891
  -0.171745  -0.150840  -0.118824  -0.109245  -0.168316  -0.275466  -0.364063  -0.536557  -0.804716  -0.965885
  -0.544221  -0.505737  -0.444172  -0.414390  -0.455492  -0.537172  -0.610192  -0.777239  -1.040175  -1.198519
  -1.106286  -1.038795  -0.928472  -0.865352  -0.876788  -0.916413  -0.963682  -1.121537  -1.375523  -1.529007
  -1.442448  -1.357361  -1.217459  -1.134115  -1.127553  -1.141663  -1.173307  -1.325566  -1.574092  -1.724609
오전 10:12
Mesh Leveling Probed Z positions:
-1.442448 -1.134115 -1.173307 -1.724609
-0.171745 -0.109245 -0.364063 -0.965885
0.645312 0.709375 0.457292 -0.132682
0.950130 1.171745 1.096875 0.666927