오전 10:44
Mesh X,Y: 10,10
Search Height: 8
Mesh Offsets: X=0.0000, Y=0.0000
Mesh Average: -0.26
Mesh Range: min=-2.0878 max=1.0376
Interpolation Algorithm: bicubic
Measured points:
  0.819271  0.880285  0.980118  1.037630  1.028596  0.995852  0.958854  0.843928  0.659471  0.548047
  0.731040  0.775903  0.848672  0.888006  0.865097  0.813095  0.763598  0.638970  0.441422  0.322323
  0.577577  0.595935  0.624280  0.633753  0.587922  0.504056  0.433850  0.293014  0.073552  -0.058400
  0.452344  0.455107  0.457292  0.449089  0.389161  0.285512  0.202344  0.050823  -0.183274  -0.323828
  0.233681  0.236839  0.239526  0.231034  0.167266  0.057014  -0.031103  -0.189750  -0.434614  -0.581611
  -0.116684  -0.108320  -0.097172  -0.101025  -0.167260  -0.283062  -0.375928  -0.544005  -0.803604  -0.959463
  -0.380208  -0.364944  -0.342411  -0.339323  -0.404250  -0.519697  -0.613281  -0.786914  -1.055731  -1.217188
  -0.782085  -0.742300  -0.678824  -0.648819  -0.696096  -0.788416  -0.868876  -1.043509  -1.317407  -1.482259
  -1.391636  -1.312221  -1.182538  -1.108877  -1.126736  -1.180176  -1.238337  -1.413211  -1.693274  -1.862394
  -1.756510  -1.653131  -1.483409  -1.383333  -1.383319  -1.413108  -1.457682  -1.632573  -1.916174  -2.087760
오전 10:44
Mesh Leveling Probed Z positions:
-1.756510 -1.383333 -1.457682 -2.087760
-0.380208 -0.339323 -0.613281 -1.217188
0.452344 0.449089 0.202344 -0.323828
0.819271 1.037630 0.958854 0.548047