오후 12:07
Mesh X,Y: 10,10
Search Height: 8
Mesh Offsets: X=0.0000, Y=0.0000
Mesh Average: -0.23
Mesh Range: min=-2.0307 max=1.0445
Interpolation Algorithm: bicubic
Measured points:
  0.830599  0.889808  0.986980  1.044141  1.044521  1.027215  0.998047  0.872991  0.669752  0.546745
  0.751680  0.795999  0.868087  0.907884  0.891812  0.850711  0.806145  0.670230  0.452630  0.321236
  0.613155  0.633137  0.664218  0.675585  0.632318  0.551815  0.481743  0.327816  0.086387  -0.058925
  0.495312  0.501389  0.508993  0.503906  0.443853  0.338765  0.252734  0.087450  -0.169056  -0.323177
  0.265434  0.274770  0.287564  0.284883  0.220095  0.106374  0.014499  -0.155214  -0.417797  -0.575493
  -0.105237  -0.086342  -0.057949  -0.051819  -0.119991  -0.241598  -0.339036  -0.513385  -0.782539  -0.944122
  -0.380469  -0.352241  -0.308480  -0.293099  -0.360657  -0.483487  -0.582161  -0.758668  -1.031263  -1.194922
  -0.777988  -0.726217  -0.643165  -0.602029  -0.653386  -0.755104  -0.841325  -1.015189  -1.286596  -1.449824
  -1.377602  -1.288428  -1.142899  -1.060607  -1.084775  -1.150558  -1.215443  -1.384236  -1.652659  -1.814571
  -1.736198  -1.624466  -1.441252  -1.334115  -1.341748  -1.385631  -1.437500  -1.603152  -1.869672  -2.030729
오후 12:07
Mesh Leveling Probed Z positions:
-1.736198 -1.334115 -1.437500 -2.030729
-0.380469 -0.293099 -0.582161 -1.194922
0.495312 0.503906 0.252734 -0.323177
0.830599 1.044141 0.998047 0.546745