오후 6:13
Mesh X,Y: 10,10
Search Height: 8
Mesh Offsets: X=0.0000, Y=0.0000
Mesh Average: -0.77
Mesh Range: min=-3.7035 max=1.2837
Interpolation Algorithm: bicubic
Measured points:
  0.358854  0.598965  0.995025  1.236068  1.277515  1.283703  1.257031  1.078005  0.781520  0.601562
  0.164764  0.387838  0.756304  0.982586  1.035066  1.064028  1.054749  0.900181  0.640759  0.482984
  -0.168331  0.026619  0.349534  0.551465  0.622264  0.688994  0.708532  0.594355  0.396119  0.274961
  -0.423047  -0.245306  0.049750  0.236849  0.319277  0.409806  0.447396  0.357994  0.197197  0.098437
  -0.791677  -0.617042  -0.326897  -0.141928  -0.054093  0.046200  0.090584  0.007610  -0.143988  -0.237296
  -1.368057  -1.194449  -0.905780  -0.720832  -0.627026  -0.516621  -0.465660  -0.544924  -0.691847  -0.782452
  -1.787109  -1.613269  -1.324150  -1.138672  -1.042826  -0.929249  -0.876823  -0.959102  -1.111422  -1.205339
  -2.352763  -2.175536  -1.881225  -1.694173  -1.607467  -1.510735  -1.473129  -1.588865  -1.793745  -1.919305
  -3.198487  -3.015427  -2.712179  -2.522430  -2.451645  -2.384151  -2.371923  -2.543271  -2.835344  -3.013381
  -3.703516  -3.516895  -3.208192  -3.016797  -2.955748  -2.906124  -2.909375  -3.114496  -3.459506  -3.669401
오후 6:13
Mesh Leveling Probed Z positions:
-3.703516 -3.016797 -2.909375 -3.669401
-1.787109 -1.138672 -0.876823 -1.205339
-0.423047 0.236849 0.447396 0.098437
0.358854 1.236068 1.257031 0.601562