Mesh X,Y: 10,10
Search Height: 8
Mesh Offsets: X=0.0000, Y=0.0000
Mesh Average: -0.22
Mesh Range: min=-1.0887 max=0.1816
Interpolation Algorithm: bicubic
Measured points:
  -1.088672  -0.833049  -0.410574  -0.150130  -0.080021  -0.032343  -0.041667  -0.271059  -0.656152  -0.890365
  -1.007383  -0.772728  -0.384584  -0.144006  -0.070966  -0.012607  -0.010745  -0.209091  -0.544580  -0.748849
  -0.871743  -0.671967  -0.340928  -0.133390  -0.055450  0.020720  0.041242  -0.105298  -0.358009  -0.512311
  -0.782943  -0.605570  -0.311207  -0.124870  -0.043682  0.044114  0.076823  -0.035788  -0.234284  -0.355859
  -0.726465  -0.560283  -0.284201  -0.108284  -0.024660  0.070429  0.110749  0.019626  -0.144550  -0.245409
  -0.653529  -0.500802  -0.246689  -0.083238  0.003596  0.107979  0.158044  0.094752  -0.024954  -0.098969
  -0.613932  -0.468861  -0.227262  -0.070964  0.017341  0.126421  0.181641  0.133918  0.039158  -0.019792
  -0.629230  -0.484769  -0.244271  -0.089030  -0.003440  0.101260  0.153520  0.103231  0.004879  -0.056191
  -0.665211  -0.519698  -0.277658  -0.122246  -0.041586  0.054540  0.100487  0.041834  -0.069044  -0.137596
  -0.688021  -0.541682  -0.298399  -0.142708  -0.065079  0.025721  0.067708  0.003604  -0.115476  -0.188932
오후 9:04
Mesh Leveling Probed Z positions:
-0.688021 -0.142708 0.067708 -0.188932
-0.613932 -0.070964 0.181641 -0.019792
-0.782943 -0.124870 0.076823 -0.355859
-1.088672 -0.150130 -0.041667 -0.890365